Localtime	MD	InstrumentID	TradingDay	ActionDay	UpdateTime	UpdateMillisec	LastPrice	Volume	LastVolume	Turnover	LastTurnover	AskPrice5	AskPrice4	AskPrice3	AskPrice2	AskPrice1	BidPrice1	BidPrice2	BidPrice3	BidPrice4	BidPrice5	AskVolume5	AskVolume4	AskVolume3	AskVolume2	AskVolume1	BidVolume1	BidVolume2	BidVolume3	BidVolume4	BidVolume5	OpenInterest	UpperLimitPrice	LowerLimitPrice
20231201_21:00:20	IMMSG	pb2410	20231204	20231201	21:00:20	0	15830	0	0	0	0	16055	16020	15955	15950	15945	15520	15515	15510	15505	15490	1	2	3	4	2	5	1	1	2	2	33	16775	14880
20231201_21:00:20	IMMSG	pb2411	20231204	20231201	21:00:20	0	15810	0	0	0	0	16035	16015	15965	15960	15955	15500	15495	15490	15485	15455	1	2	1	3	4	3	1	1	4	1	62	16850	14945
20231201_21:00:20	IMMSG	rb2312	20231204	20231201	21:00:20	0	3900	120	0	4680000	0	0	0	4020	3966	3965	3791	3790	3782	3724	3721	0	0	30	30	30	30	30	30	30	30	780	4057	3670
20231201_21:00:20	IMMSG	rb2401	20231204	20231201	21:00:20	0	3921	13174	40	517183520	1568400	3925	3924	3923	3922	3921	3920	3919	3918	3917	3916	236	562	228	211	11	296	54	178	410	146	758858	4112	3721
20231201_21:00:20	IMMSG	rb2403	20231204	20231201	21:00:20	0	3933	12385	2	487709170	78650	3937	3936	3935	3934	3933	3932	3931	3930	3929	3928	2	15	11	9	22	17	14	106	9	38	980164	4126	3733
20231201_21:00:20	IMMSG	rb2405	20231204	20231201	21:00:20	0	3960	5963	80	236501020	3168900	3966	3965	3964	3963	3962	3960	3959	3958	3957	3956	76	97	9	38	834	1019	154	424	97	62	1140455	4152	3757
20231201_21:00:20	IMMSG	rb2407	20231204	20231201	21:00:20	0	3978	1012	0	40328050	0	3997	3993	3990	3984	3983	3979	3978	3976	3975	3973	1	1	55	6	8	2	9	2	5	1	110017	4168	3771
20231201_21:00:20	IMMSG	rb2409	20231204	20231201	21:00:20	0	3964	2000	0	79280000	0	3966	3965	3964	3963	3960	3956	3949	3946	3945	3941	40	2	1	1	1	1	1	2	2	40	20120	4148	3753
20231201_21:00:20	IMMSG	rb2410	20231204	20231201	21:00:20	0	3941	87	2	3431190	78820	3952	3949	3944	3942	3941	3938	3937	3936	3935	3934	1	10	1	8	30	1	1	19	19	1	40584	4131	3738
20231201_21:00:20	IMMSG	ru2401	20231204	20231201	21:00:20	0	13425	2845	58	382266000	7783650	13445	13440	13435	13430	13425	13420	13415	13410	13405	13400	32	62	45	76	50	31	65	38	47	95	78617	14355	12730
20231201_21:00:20	IMMSG	ru2405	20231204	20231201	21:00:20	0	13590	1772	9	240845100	1223100	13610	13605	13600	13595	13590	13585	13580	13575	13570	13565	18	18	116	84	43	35	70	79	142	13	123488	14545	12900
20231201_21:00:20	IMMSG	ru2410	20231204	20231201	21:00:20	0	13770	0	0	0	0	13805	13790	13785	13780	13775	13745	13695	13580	13550	13405	8	1	4	2	1	1	1	1	1	1	86	14775	13100
20231201_21:00:20	IMMSG	ru2411	20231204	20231201	21:00:20	0	13790	0	0	0	0	13840	13835	13825	13820	13815	13780	13775	13710	13655	13620	2	4	7	1	2	3	6	1	1	1	44	14675	13010
20231201_21:00:20	IMMSG	sn2312	20231204	20231201	21:00:20	0	198710	46	0	9118220	0	198530	198520	198510	198460	198430	197660	197600	197590	197570	197120	2	2	2	2	2	2	6	2	2	18	1578	215650	176440
20231201_21:00:20	IMMSG	sn2401	20231204	20231201	21:00:20	0	198600	1168	24	232233910	4766740	198800	198730	198670	198660	198630	198600	198540	198530	198520	198510	1	3	1	1	1	5	4	1	3	14	42320	215470	176300
20231201_21:00:20	IMMSG	sn2402	20231204	20231201	21:00:20	0	198800	358	1	71233310	198800	198900	198880	198810	198800	198780	198710	198700	198660	198610	198600	9	2	1	4	2	1	1	1	2	2	16876	215880	176630
20231201_21:00:20	IMMSG	sn2403	20231204	20231201	21:00:20	0	198850	86	2	17117350	397820	199130	199110	199100	198970	198960	198720	198710	198650	198640	198630	1	2	2	3	3	1	1	2	2	1	4336	215890	176640
20231201_21:00:20	IMMSG	sn2404	20231204	20231201	21:00:20	0	198340	0	0	0	0	203210	199520	199370	199300	199240	198820	198720	198620	198610	198600	1	8	1	1	1	1	3	2	3	1	207	216090	176800
20231201_21:00:20	IMMSG	sn2405	20231204	20231201	21:00:20	0	198850	305	0	60418790	0	199140	199130	199080	199030	199010	198710	198670	198620	198520	198500	1	13	1	1	1	3	3	1	3	1	1609	215610	176400
20231201_21:00:20	IMMSG	sn2406	20231204	20231201	21:00:20	0	196880	0	0	0	0	202520	199970	199600	199590	199440	198670	198570	198450	194640	194290	5	2	1	2	1	4	1	1	1	1	69	216950	177500
20231201_21:00:20	IMMSG	sn2407	20231204	20231201	21:00:20	0	199010	0	0	0	0	200080	199960	199920	199820	199370	198880	198860	198570	198550	195580	1	1	2	2	1	3	1	1	1	1	294	217480	177930
20231201_21:00:20	IMMSG	sn2408	20231204	20231201	21:00:20	0	199340	0	0	0	0	204010	203720	199980	199830	199810	198880	198860	198760	198710	195710	1	1	1	2	3	3	2	2	5	1	398	219310	179440
20231201_21:00:20	IMMSG	sn2409	20231204	20231201	21:00:20	0	195670	0	0	0	0	204570	204560	204490	204480	204470	198810	198710	195790	194840	194130	1	3	1	1	6	2	4	1	1	1	41	216510	177140
20231201_21:00:20	IMMSG	sn2410	20231204	20231201	21:00:20	0	198330	0	0	0	0	204700	203940	203660	199880	199860	198860	198770	198760	195820	194660	1	1	1	2	4	1	1	2	1	1	9	218160	178490
20231201_21:00:20	IMMSG	sn2411	20231204	20231201	21:00:20	0	198660	0	0	0	0	204360	203610	200760	199980	199960	199070	198910	198830	198750	198710	1	1	3	2	3	1	1	2	2	2	13	219250	179380
20231201_21:00:20	IMMSG	sp2401	20231204	20231201	21:00:20	0	5510	6494	29	357893740	1597780	5518	5516	5514	5512	5510	5508	5506	5504	5502	5500	28	75	53	87	31	29	51	54	38	56	159725	5830	5170
20231201_21:00:20	IMMSG	sp2402	20231204	20231201	21:00:20	0	5536	1617	0	90310160	0	5548	5546	5542	5540	5538	5536	5534	5532	5530	5528	12	12	27	13	4	1	11	25	50	5	37522	5840	5178
20231201_21:00:20	IMMSG	sp2403	20231204	20231201	21:00:20	0	5552	1107	17	61435160	944160	5566	5564	5560	5558	5556	5552	5550	5548	5546	5544	2	4	4	41	20	12	3	13	4	4	114525	5880	5214
20231201_21:00:20	IMMSG	sp2404	20231204	20231201	21:00:20	0	5580	49	0	2733920	0	5616	5602	5600	5590	5580	5576	5574	5566	5562	5544	1	39	220	1	55	1	32	1	39	1	10961	5902	5232
20231201_21:00:20	IMMSG	sp2405	20231204	20231201	21:00:20	0	5596	2089	2	116935380	111920	5606	5604	5602	5600	5598	5596	5594	5592	5590	5588	23	15	85	28	18	6	17	27	16	24	91132	5924	5254
20231201_21:00:20	IMMSG	sp2406	20231204	20231201	21:00:20	0	5608	14	0	785340	0	5686	5656	5630	5628	5626	5606	5604	5600	5598	5596	6	1	39	1	2	2	8	3	1	39	9705	6084	5394
20231201_21:00:20	IMMSG	sp2407	20231204	20231201	21:00:20	0	5600	0	0	0	0	5702	5700	5688	5686	5636	5612	5606	5604	5556	5548	2	6	3	4	6	3	2	2	2	1	7452	6016	5334
20231201_21:00:20	IMMSG	sp2408	20231204	20231201	21:00:20	0	5618	0	0	0	0	5712	5700	5672	5666	5648	5624	5622	5618	5566	5552	1	1	1	14	5	5	3	14	1	10	4356	5996	5318
20231201_21:00:20	IMMSG	sp2409	20231204	20231201	21:00:20	0	5642	32	0	1806360	0	5670	5668	5662	5658	5648	5636	5628	5626	5616	5614	6	1	28	1	1	21	33	2	1	1	4588	5994	5316
20231201_21:00:20	IMMSG	ss2312	20231204	20231201	21:00:20	0	13400	0	0	0	0	13750	13745	13715	13470	13450	13365	13350	13260	13210	12915	12	12	12	12	12	12	36	12	12	12	2736	14150	12805
20231201_21:00:20	IMMSG	ss2401	20231204	20231201	21:00:20	0	13730	2736	52	188052200	3569800	13750	13745	13740	13735	13730	13725	13720	13715	13710	13705	67	30	37	93	10	99	68	84	43	48	99014	14460	13085
20231201_21:00:20	IMMSG	ss2402	20231204	20231201	21:00:20	0	13755	949	18	65315225	1237950	13775	13770	13765	13760	13755	13750	13745	13740	13735	13730	30	24	19	53	7	26	39	25	32	69	56556	14475	13100
20231201_21:00:20	IMMSG	ss2403	20231204	20231201	21:00:20	0	13790	54	0	3727025	0	13835	13830	13810	13805	13800	13790	13785	13780	13775	13770	4	3	3	3	8	4	6	3	4	1	19090	14510	13125
20231201_21:00:20	IMMSG	ss2404	20231204	20231201	21:00:20	0	13860	9	0	623600	0	13865	13860	13850	13845	13835	13830	13825	13815	13810	13805	3	1	4	2	1	1	1	7	4	1	6803	14560	13175
20231201_21:00:20	IMMSG	ss2405	20231204	20231201	21:00:20	0	13880	101	5	7016875	347000	13900	13895	13890	13885	13880	13870	13865	13860	13855	13850	36	2	6	1	1	5	11	6	3	1	21163	14600	13205
20231201_21:00:20	IMMSG	ss2406	20231204	20231201	21:00:20	0	13900	0	0	0	0	14010	14005	13945	13925	13920	13880	13855	13735	13720	13715	1	1	11	2	2	1	11	1	1	1	1419	14600	13205
20231201_21:00:20	IMMSG	ss2408	20231204	20231201	21:00:20	0	13930	0	0	0	0	14185	14180	14140	14020	13985	13915	13775	13765	13760	13565	1	1	1	1	3	1	1	1	1	1	1056	14640	13245
20231201_21:00:20	IMMSG	ss2411	20231204	20231201	21:00:20	0	14035	0	0	0	0	14275	14145	14100	14095	14090	14005	14000	13910	13820	13810	1	1	2	1	1	1	3	1	1	1	116	14780	13375
20231201_21:00:20	IMMSG	zn2312	20231204	20231201	21:00:20	0	20770	15	0	1557250	0	20900	20890	20885	20840	20835	20825	20795	20770	20650	20605	20	20	5	10	5	5	5	5	25	5	10935	21980	19495
20231201_21:00:20	IMMSG	zn2401	20231204	20231201	21:00:20	0	20790	2734	23	283910000	2390675	20810	20805	20800	20795	20790	20785	20780	20775	20770	20765	63	33	49	54	7	19	41	75	34	34	92252	21960	19475
20231201_21:00:20	IMMSG	zn2402	20231204	20231201	21:00:20	0	20700	1356	9	140044575	931500	20720	20715	20710	20705	20700	20695	20690	20685	20680	20675	15	7	19	26	17	11	16	9	34	8	40799	21890	19415
20231201_21:00:20	IMMSG	a2407	20231204	20231201	21:00:19	649	4980	0	0	0	0	0	0	0	0	4993	4981	0	0	0	0	0	0	0	0	1	3	0	0	0	0	4548	5305	4705
20231201_21:00:20	IMMSG	bc2401	20231204	20231201	21:00:20	0	61260	3	0	918900	0	62170	61510	61440	61390	61250	61210	61180	61060	61040	60150	1	1	1	1	3	1	1	1	1	1	609	64440	57150
20231201_21:00:20	IMMSG	bc2402	20231204	20231201	21:00:20	0	61170	281	0	85919550	0	61210	61200	61190	61180	61170	61160	61150	61140	61130	61120	3	3	8	9	4	1	2	4	7	3	30336	64380	57090
20231201_21:00:20	IMMSG	bc2403	20231204	20231201	21:00:20	0	61120	158	0	48277000	0	61170	61160	61150	61140	61120	61100	61090	61080	61070	61060	2	10	4	1	3	1	1	2	2	1	12973	64320	57030
20231201_21:00:20	IMMSG	bc2405	20231204	20231201	21:00:20	0	60190	0	0	0	0	61490	61480	61470	61460	61450	60430	60420	60410	60400	59890	1	8	1	2	2	1	2	1	1	1	40	63820	56590
20231201_21:00:20	IMMSG	bc2406	20231204	20231201	21:00:20	0	60330	0	0	0	0	67250	67230	67200	62460	62120	59720	59250	53510	53490	53480	2	8	2	1	1	1	1	2	1	3	0	67560	53090
20231201_21:00:20	IMMSG	bc2409	20231204	20231201	21:00:20	0	58900	0	0	0	0	0	0	65930	62240	62010	59230	59030	51890	51860	0	0	0	1	1	1	1	1	1	1	0	0	65960	51830
20231201_21:00:20	IMMSG	bc2410	20231204	20231201	21:00:20	0	58740	0	0	0	0	0	65710	65420	62260	61970	59070	59050	51750	51720	0	0	1	1	1	1	1	1	1	1	0	0	65780	51690
20231201_21:00:20	IMMSG	bc2411	20231204	20231201	21:00:20	0	58570	0	0	0	0	0	0	65520	61950	61940	58910	58740	51600	51570	0	0	0	1	1	1	1	1	1	1	0	0	65590	51540
20231201_21:00:20	IMMSG	lu2401	20231204	20231201	21:00:20	0	4570	28	0	1279540	0	4612	4597	4584	4581	4577	4563	4561	4560	4552	4546	1	1	1	1	2	1	1	1	6	1	4942	4956	4221
20231201_21:00:20	IMMSG	lu2402	20231204	20231201	21:00:20	0	4295	2108	11	90370700	472540	4301	4300	4299	4298	4297	4295	4294	4293	4292	4291	7	15	4	7	5	5	14	17	11	9	29556	4690	3995
20231201_21:00:20	IMMSG	lu2403	20231204	20231201	21:00:20	0	4239	1740	16	73696190	678280	4243	4242	4241	4240	4239	4238	4237	4236	4235	4234	3	6	5	1	5	16	12	8	10	15	153497	4609	3926
20231201_21:00:20	IMMSG	lu2404	20231204	20231201	21:00:20	0	4173	45	2	1877190	83480	4195	4180	4178	4176	4175	4172	4170	4169	4165	4160	1	2	3	5	25	1	3	1	1	10	8475	4565	3888
20231201_21:00:20	IMMSG	lu2406	20231204	20231201	21:00:20	0	4100	0	0	0	0	4389	4238	4237	4236	4235	4037	3989	3805	3802	3794	3	1	1	2	1	2	1	4	1	1	16	4426	3771
20231201_21:00:20	IMMSG	lu2407	20231204	20231201	21:00:20	0	4074	0	0	0	0	4368	4367	4365	4166	4162	3953	3934	3779	0	0	1	3	1	1	2	2	1	2	0	0	6	4399	3748
20231201_21:00:20	IMMSG	lu2408	20231204	20231201	21:00:20	0	4004	0	0	0	0	4318	4305	4303	4152	4147	3928	3920	3705	0	0	1	1	3	1	2	2	1	2	0	0	8	4324	3683
20231201_21:00:20	IMMSG	lu2412	20231204	20231201	21:00:20	0	3980	0	0	0	0	0	0	4613	4101	4089	3794	3792	3346	0	0	0	0	1	1	1	1	1	1	0	0	0	4616	3343
20231201_21:00:20	IMMSG	nr2312	20231204	20231201	21:00:20	0	9995	0	0	0	0	10440	10320	10100	10095	10000	9895	9890	9855	9805	9800	10	10	50	20	10	10	10	20	20	80	940	10565	9370
20231201_21:00:20	IMMSG	nr2401	20231204	20231201	21:00:20	0	10155	1021	17	103881600	1726350	10180	10175	10170	10165	10160	10150	10145	10140	10135	10130	13	24	44	36	29	17	11	28	18	10	33570	10840	9615
20231201_21:00:20	IMMSG	nr2402	20231204	20231201	21:00:20	0	10320	704	0	72781700	0	10345	10340	10335	10330	10325	10320	10315	10310	10305	10300	34	11	41	32	26	11	29	32	22	16	70640	11030	9785
20231201_21:00:20	IMMSG	nr2403	20231204	20231201	21:00:20	0	10490	17	0	1785600	0	10515	10510	10505	10500	10495	10485	10480	10475	10470	10460	1	2	1	15	7	2	4	13	2	1	16621	11195	9930
20231201_21:00:20	IMMSG	nr2406	20231204	20231201	21:00:20	0	10860	0	0	0	0	11115	11080	11035	11030	11025	10595	10590	10565	10545	10520	2	1	3	1	1	1	1	1	3	2	71	11500	10195
20231201_21:00:20	IMMSG	nr2409	20231204	20231201	21:00:20	0	11200	0	0	0	0	0	11765	11485	11410	11405	10845	10835	10510	0	0	0	2	1	2	1	1	1	2	0	0	8	11840	10495
20231201_21:00:20	IMMSG	nr2411	20231204	20231201	21:00:20	0	11345	0	0	0	0	0	0	11875	11700	11685	10975	10970	10960	10795	0	0	0	2	1	1	1	1	1	3	0	1	12025	10660
20231201_21:00:20	IMMSG	sc2401	20231204	20231201	21:00:20	0	571.2	1403	14	801452300	7995400	571.6	571.5	571.4	571.3	571.2	571.1	571	570.9	570.8	570.7	3	7	6	8	9	2	8	7	21	15	35925	630.6	537.1
20231201_21:00:20	IMMSG	sc2402	20231204	20231201	21:00:20	0	573.9	320	7	183690900	4017400	574.3	574.2	574.1	574	573.9	573.8	573.7	573.6	573.5	573.4	3	6	2	4	5	3	7	7	6	8	19828	632.6	538.9
20231201_21:00:20	IMMSG	sc2403	20231204	20231201	21:00:20	0	575	402	0	230788000	0	575.6	575.4	575.3	575.2	575.1	574.8	574.7	574.5	574.4	574.3	1	3	7	2	2	1	4	1	1	2	8743	634.1	540.2
20231201_21:00:20	IMMSG	sc2404	20231204	20231201	21:00:20	0	574.3	2	0	1148600	0	577.2	575.5	575.4	575.2	575.1	574.2	574.1	574	573.9	573.8	1	1	1	1	2	1	3	5	1	2	676	637.3	542.8
20231201_21:00:20	IMMSG	sc2407	20231204	20231201	21:00:20	0	578.5	0	0	0	0	594.3	581.3	581.2	579.9	579.8	562.6	562.5	562.4	562.2	561.2	1	1	1	1	2	1	1	1	1	2	8	624.7	532.2
20231201_21:00:20	IMMSG	sc2408	20231204	20231201	21:00:20	0	578.2	0	0	0	0	623.5	604.3	581	580.9	579.5	560.6	558.9	558.8	544.2	0	2	1	1	1	1	1	2	1	1	0	4	624.4	531.9
20231201_21:00:20	IMMSG	sc2603	20231204	20231201	21:00:20	0	549	0	0	0	0	0	567.2	563	562.9	560.6	531.2	528.8	528.7	507.1	505.3	0	1	1	2	1	1	1	1	1	1	14	592.9	505
20231201_21:00:20	IMMSG	sc2606	20231204	20231201	21:00:20	0	552	0	0	0	0	559.4	557.1	552.7	552.6	552.5	534.7	533.1	530	526.6	523.7	1	1	1	1	2	1	1	2	1	1	238	597.2	508.7
20231201_21:00:20	IMMSG	sc2612	20231204	20231201	21:00:20	0	536.6	0	0	0	0	557.8	556.6	553.5	549.9	549.8	514.8	514.7	511.3	511.2	510.1	1	1	1	1	1	1	1	1	1	1	0	622.4	450.7
20231201_21:00:20	IMMSG	zn2403	20231204	20231201	21:00:20	0	20655	440	0	45259000	0	20675	20670	20665	20660	20655	20650	20645	20640	20635	20630	1	5	2	5	2	16	7	7	7	8	18063	21855	19380
20231201_21:00:20	IMMSG	zn2405	20231204	20231201	21:00:20	0	20625	3	0	309425	0	20795	20750	20720	20670	20665	20600	20595	20575	20565	20560	1	1	2	18	2	5	1	1	3	16	1738	21795	19330
20231201_21:00:20	IMMSG	zn2406	20231204	20231201	21:00:20	0	20475	0	0	0	0	20855	20835	20825	20800	20690	20570	20565	20560	20555	20530	1	1	1	7	1	1	1	1	1	2	196	21780	19315
20231201_21:00:20	IMMSG	zn2407	20231204	20231201	21:00:20	0	20490	0	0	0	0	20830	20790	20735	20730	20650	20475	20470	20460	20350	20320	1	1	1	3	3	3	1	2	1	1	671	21760	19295
20231201_21:00:20	IMMSG	zn2408	20231204	20231201	21:00:20	0	20420	0	0	0	0	20750	20725	20715	20705	20700	20395	20380	20365	20340	20330	2	1	2	2	4	1	1	1	1	1	1171	21735	19270
20231201_21:00:20	IMMSG	zn2409	20231204	20231201	21:00:20	0	20405	0	0	0	0	20755	20725	20620	20600	20590	20475	20470	20345	20330	20310	1	1	5	5	2	1	2	1	1	1	189	21745	19280
20231201_21:00:20	IMMSG	zn2410	20231204	20231201	21:00:20	0	20380	0	0	0	0	20690	20685	20675	20670	20665	20370	20285	20255	20235	20130	2	2	2	3	2	3	1	1	1	1	788	21705	19250
20231201_21:00:20	IMMSG	zn2411	20231204	20231201	21:00:20	0	20355	0	0	0	0	20925	20915	20910	20905	20900	20345	20340	20310	20305	20275	2	2	1	1	2	2	1	1	1	1	23	21710	19255
20231201_21:00:20	IMMSG	a2409	20231204	20231201	21:00:19	649	4958	0	0	0	0	0	0	0	0	4965	4951	0	0	0	0	0	0	0	0	4	2	0	0	0	0	2137	5267	4671
20231201_21:00:20	IMMSG	a2411	20231204	20231201	21:00:19	570	4941	0	0	0	0	0	0	0	0	4955	4926	0	0	0	0	0	0	0	0	1	1	0	0	0	0	26	5243	4651
20231201_21:00:20	IMMSG	b2312	20231204	20231201	21:00:19	562	4400	0	0	0	0	0	0	0	0	4622	4265	0	0	0	0	0	0	0	0	11	3	0	0	0	0	1400	4664	4136
20231201_21:00:20	IMMSG	b2401	20231204	20231201	21:00:19	587	4301	1047	11	45061440	473070	0	0	0	0	4301	4300	0	0	0	0	0	0	0	0	9	8	0	0	0	0	43032	4587	4069
20231201_21:00:20	IMMSG	b2402	20231204	20231201	21:00:19	562	4345	112	0	4864640	0	0	0	0	0	4345	4344	0	0	0	0	0	0	0	0	4	4	0	0	0	0	25471	4633	4109
20231201_21:00:20	IMMSG	b2410	20231204	20231201	21:00:19	594	4000	0	0	0	0	0	0	0	0	4025	3951	0	0	0	0	0	0	0	0	2	2	0	0	0	0	37	4260	3778
20231201_21:00:20	IMMSG	c2401	20231204	20231201	21:00:19	810	2491	9310	75	231775280	1868250	0	0	0	0	2491	2490	0	0	0	0	0	0	0	0	108	245	0	0	0	0	629870	2642	2344
20231201_21:00:20	IMMSG	c2403	20231204	20231201	21:00:19	775	2472	1205	0	29763060	0	0	0	0	0	2472	2471	0	0	0	0	0	0	0	0	135	66	0	0	0	0	376091	2625	2329
20231201_21:00:20	IMMSG	c2405	20231204	20231201	21:00:19	576	2505	749	0	18753520	0	0	0	0	0	2505	2504	0	0	0	0	0	0	0	0	83	31	0	0	0	0	372989	2660	2360
20231201_21:00:20	IMMSG	c2407	20231204	20231201	21:00:19	578	2510	105	0	2635400	0	0	0	0	0	2510	2509	0	0	0	0	0	0	0	0	56	182	0	0	0	0	167321	2669	2367
20231201_21:00:20	IMMSG	cs2401	20231204	20231201	21:00:19	725	2884	3807	2	109800070	57690	0	0	0	0	2885	2884	0	0	0	0	0	0	0	0	85	90	0	0	0	0	171879	3036	2748
20231201_21:00:20	IMMSG	cs2403	20231204	20231201	21:00:19	696	2842	232	1	6596340	28420	0	0	0	0	2844	2842	0	0	0	0	0	0	0	0	5	14	0	0	0	0	53062	2998	2714
20231201_21:00:20	IMMSG	cs2405	20231204	20231201	21:00:19	696	2886	53	0	1530180	0	0	0	0	0	2887	2885	0	0	0	0	0	0	0	0	51	10	0	0	0	0	24289	3038	2750
20231201_21:00:20	IMMSG	cs2407	20231204	20231201	21:00:19	696	2865	15	0	429970	0	0	0	0	0	2865	2862	0	0	0	0	0	0	0	0	2	3	0	0	0	0	24607	3013	2727
20231201_21:00:20	IMMSG	eb2401	20231204	20231201	21:00:19	652	7972	6747	64	268860955	2551640	0	0	0	0	7974	7972	0	0	0	0	0	0	0	0	5	9	0	0	0	0	242650	8593	7469
20231201_21:00:20	IMMSG	eb2402	20231204	20231201	21:00:19	621	7960	1664	13	66174840	517375	0	0	0	0	7961	7958	0	0	0	0	0	0	0	0	3	11	0	0	0	0	113442	8558	7440
20231201_21:00:20	IMMSG	eb2403	20231204	20231201	21:00:19	580	7984	181	1	7227125	39920	0	0	0	0	7988	7980	0	0	0	0	0	0	0	0	1	7	0	0	0	0	71494	8574	7454
20231201_21:00:20	IMMSG	eb2404	20231204	20231201	21:00:19	580	7972	98	0	3905440	0	0	0	0	0	7974	7966	0	0	0	0	0	0	0	0	2	2	0	0	0	0	31895	8554	7436
20231201_21:00:20	IMMSG	eb2405	20231204	20231201	21:00:19	580	7938	83	0	3294730	0	0	0	0	0	7948	7935	0	0	0	0	0	0	0	0	1	1	0	0	0	0	12661	8532	7416
20231201_21:00:20	IMMSG	eb2406	20231204	20231201	21:00:19	581	7913	36	0	1425260	0	0	0	0	0	7921	7906	0	0	0	0	0	0	0	0	3	1	0	0	0	0	9413	8495	7385
20231201_21:00:20	IMMSG	eb2407	20231204	20231201	21:00:19	495	7886	0	0	0	0	0	0	0	0	7965	7747	0	0	0	0	0	0	0	0	1	3	0	0	0	0	633	8451	7347
20231201_21:00:20	IMMSG	eg2312	20231204	20231201	21:00:19	618	4067	0	0	0	0	0	0	0	0	4150	4061	0	0	0	0	0	0	0	0	50	10	0	0	0	0	307	4344	3776
20231201_21:00:20	IMMSG	eg2401	20231204	20231201	21:00:19	799	4112	6271	45	257396850	1850160	0	0	0	0	4112	4111	0	0	0	0	0	0	0	0	28	13	0	0	0	0	347840	4399	3825
20231201_21:00:20	IMMSG	eg2402	20231204	20231201	21:00:19	657	4140	248	0	10267190	0	0	0	0	0	4142	4140	0	0	0	0	0	0	0	0	6	23	0	0	0	0	58220	4435	3855
20231201_21:00:20	IMMSG	eg2403	20231204	20231201	21:00:19	657	4169	99	0	4127050	0	0	0	0	0	4173	4170	0	0	0	0	0	0	0	0	15	20	0	0	0	0	33948	4459	3877
20231201_21:00:20	IMMSG	eg2404	20231204	20231201	21:00:19	657	4218	73	0	3077530	0	0	0	0	0	4220	4217	0	0	0	0	0	0	0	0	8	17	0	0	0	0	18010	4508	3920
20231201_21:00:20	IMMSG	eg2405	20231204	20231201	21:00:19	799	4246	375	4	15906190	169830	0	0	0	0	4247	4246	0	0	0	0	0	0	0	0	58	2	0	0	0	0	105833	4535	3943
20231201_21:00:20	IMMSG	eg2406	20231204	20231201	21:00:19	657	4271	40	0	1706910	0	0	0	0	0	4272	4270	0	0	0	0	0	0	0	0	8	7	0	0	0	0	5451	4562	3966
20231201_21:00:20	IMMSG	eg2407	20231204	20231201	21:00:19	657	4290	0	0	0	0	0	0	0	0	4306	4274	0	0	0	0	0	0	0	0	2	1	0	0	0	0	1312	4592	3992
20231201_21:00:20	IMMSG	eg2409	20231204	20231201	21:00:19	657	4335	0	0	0	0	0	0	0	0	4365	4308	0	0	0	0	0	0	0	0	1	1	0	0	0	0	466	4637	4031
20231201_21:00:20	IMMSG	i2401	20231204	20231201	21:00:19	795	975	4013	32	392037400	3119900	0	0	0	0	975	974.5	0	0	0	0	0	0	0	0	20	70	0	0	0	0	503583	1075.5	862.5
20231201_21:00:20	IMMSG	i2402	20231204	20231201	21:00:19	790	964	410	1	39576550	96400	0	0	0	0	964	963	0	0	0	0	0	0	0	0	19	5	0	0	0	0	101682	1062	852
20231201_21:00:20	IMMSG	i2403	20231204	20231201	21:00:19	790	953	607	0	57836800	0	0	0	0	0	953	952.5	0	0	0	0	0	0	0	0	10	287	0	0	0	0	92397	1048.5	841.5
20231201_21:00:20	IMMSG	i2404	20231204	20231201	21:00:19	694	940	214	0	20092150	0	0	0	0	0	940.5	939.5	0	0	0	0	0	0	0	0	18	27	0	0	0	0	48076	1033	829
20231201_21:00:20	IMMSG	i2405	20231204	20231201	21:00:19	789	926	3604	49	333940850	4537550	0	0	0	0	926.5	926	0	0	0	0	0	0	0	0	60	30	0	0	0	0	403547	1017.5	816.5
20231201_21:00:20	IMMSG	i2406	20231204	20231201	21:00:19	779	911	131	0	11942350	0	0	0	0	0	911	910.5	0	0	0	0	0	0	0	0	2	18	0	0	0	0	20585	1001.5	803.5
20231201_21:00:20	IMMSG	i2407	20231204	20231201	21:00:19	779	897.5	159	0	14231650	0	0	0	0	0	897.5	896	0	0	0	0	0	0	0	0	23	13	0	0	0	0	13730	985.5	790.5
20231201_21:00:20	IMMSG	i2409	20231204	20231201	21:00:19	779	867.5	298	4	25873350	347000	0	0	0	0	868	867.5	0	0	0	0	0	0	0	0	4	39	0	0	0	0	106551	955.5	766.5
20231201_21:00:20	IMMSG	j2401	20231204	20231201	21:00:19	797	2639	1084	3	285973400	791800	0	0	0	0	2640.5	2638.5	0	0	0	0	0	0	0	0	1	9	0	0	0	0	35155	3033	2242
20231201_21:00:20	IMMSG	j2402	20231204	20231201	21:00:19	781	2649	0	0	0	0	0	0	0	0	2650.5	2597.5	0	0	0	0	0	0	0	0	1	1	0	0	0	0	357	3032.5	2241.5
20231201_21:00:20	IMMSG	j2403	20231204	20231201	21:00:19	591	2641	0	0	0	0	0	0	0	0	2641	2563.5	0	0	0	0	0	0	0	0	1	1	0	0	0	0	198	3018	2231
20231201_21:00:20	IMMSG	j2404	20231204	20231201	21:00:19	592	2640.5	0	0	0	0	0	0	0	0	2684.5	2561.5	0	0	0	0	0	0	0	0	2	1	0	0	0	0	170	3017.5	2230.5
20231201_21:00:20	IMMSG	j2405	20231204	20231201	21:00:19	781	2619.5	199	0	52117600	0	0	0	0	0	2619.5	2617	0	0	0	0	0	0	0	0	1	1	0	0	0	0	15703	2998	2216
20231201_21:00:20	IMMSG	j2407	20231204	20231201	21:00:19	563	2628	0	0	0	0	0	0	0	0	2639.5	2502.5	0	0	0	0	0	0	0	0	1	2	0	0	0	0	76	3022	2234
20231201_21:00:20	IMMSG	j2408	20231204	20231201	21:00:19	563	2608.5	0	0	0	0	0	0	0	0	2603.5	2462	0	0	0	0	0	0	0	0	2	2	0	0	0	0	8	2999.5	2217.5
20231201_21:00:20	IMMSG	j2409	20231204	20231201	21:00:19	781	2543.5	4	0	1016400	0	0	0	0	0	2552	2516	0	0	0	0	0	0	0	0	4	1	0	0	0	0	393	2892	2138
20231201_21:00:20	IMMSG	j2410	20231204	20231201	21:00:19	560	2594.5	0	0	0	0	0	0	0	0	2566.5	2444	0	0	0	0	0	0	0	0	1	1	0	0	0	0	7	2983.5	2205.5
20231201_21:00:20	IMMSG	j2411	20231204	20231201	21:00:19	560	2487	0	0	0	0	0	0	0	0	2582	2397	0	0	0	0	0	0	0	0	2	1	0	0	0	0	0	3233	1741
20231201_21:00:20	IMMSG	jm2401	20231204	20231201	21:00:19	761	2108.5	1437	9	182114550	1138590	0	0	0	0	2108.5	2108	0	0	0	0	0	0	0	0	7	7	0	0	0	0	113609	2425	1793
20231201_21:00:20	IMMSG	jm2402	20231204	20231201	21:00:19	595	2110	0	0	0	0	0	0	0	0	2118	2085.5	0	0	0	0	0	0	0	0	1	1	0	0	0	0	1635	2406	1779
20231201_21:00:20	IMMSG	jm2405	20231204	20231201	21:00:19	595	2084.5	551	2	68965920	250080	0	0	0	0	2085.5	2084	0	0	0	0	0	0	0	0	27	1	0	0	0	0	92791	2381	1760
20231201_21:00:20	IMMSG	jm2407	20231204	20231201	21:00:19	619	2039	0	0	0	0	0	0	0	0	2074.5	2037.5	0	0	0	0	0	0	0	0	1	1	0	0	0	0	284	2345	1734
20231201_21:00:20	IMMSG	jm2408	20231204	20231201	21:00:19	619	2003.5	0	0	0	0	0	0	0	0	2041	2007.5	0	0	0	0	0	0	0	0	2	1	0	0	0	0	182	2304	1703
20231201_21:00:20	IMMSG	jm2410	20231204	20231201	21:00:19	562	1960	0	0	0	0	0	0	0	0	2009	1946	0	0	0	0	0	0	0	0	6	6	0	0	0	0	73	2278.5	1684.5
20231201_21:00:20	IMMSG	jm2411	20231204	20231201	21:00:19	558	1931	0	0	0	0	0	0	0	0	1989	1890	0	0	0	0	0	0	0	0	1	2	0	0	0	0	14	2220.5	1641.5
20231201_21:00:20	IMMSG	l2312	20231204	20231201	21:00:19	686	7844	0	0	0	0	0	0	0	0	8220	7872	0	0	0	0	0	0	0	0	2	37	0	0	0	0	1309	8341	7397
20231201_21:00:20	IMMSG	l2401	20231204	20231201	21:00:19	768	7948	5241	8	208244145	317910	0	0	0	0	7948	7947	0	0	0	0	0	0	0	0	7	37	0	0	0	0	310946	8401	7451
20231201_21:00:20	IMMSG	l2402	20231204	20231201	21:00:19	724	7936	141	0	5595850	0	0	0	0	0	7937	7935	0	0	0	0	0	0	0	0	2	47	0	0	0	0	44853	8388	7440
20231201_21:00:20	IMMSG	l2403	20231204	20231201	21:00:19	768	7953	92	5	3658860	198825	0	0	0	0	7955	7952	0	0	0	0	0	0	0	0	8	3	0	0	0	0	23540	8413	7461
20231201_21:00:20	IMMSG	l2405	20231204	20231201	21:00:19	768	7984	998	4	39838355	159670	0	0	0	0	7984	7983	0	0	0	0	0	0	0	0	1	1	0	0	0	0	167408	8441	7487
20231201_21:00:20	IMMSG	l2407	20231204	20231201	21:00:19	602	7966	0	0	0	0	0	0	0	0	7982	7813	0	0	0	0	0	0	0	0	3	1	0	0	0	0	123	8431	7477
20231201_21:00:20	IMMSG	l2408	20231204	20231201	21:00:19	600	7948	0	0	0	0	0	0	0	0	7998	7930	0	0	0	0	0	0	0	0	1	1	0	0	0	0	497	8424	7472
20231201_21:00:20	IMMSG	l2410	20231204	20231201	21:00:19	563	7906	0	0	0	0	0	0	0	0	8092	7912	0	0	0	0	0	0	0	0	1	1	0	0	0	0	596	8383	7435
20231201_21:00:20	IMMSG	m2401	20231204	20231201	21:00:19	689	3857	13882	28	535499160	1079730	0	0	0	0	3857	3856	0	0	0	0	0	0	0	0	191	168	0	0	0	0	986726	4093	3631
20231201_21:00:20	IMMSG	m2405	20231204	20231201	21:00:19	774	3381	8587	5	290118570	169050	0	0	0	0	3381	3380	0	0	0	0	0	0	0	0	155	294	0	0	0	0	1086024	3615	3207
20231201_21:00:20	IMMSG	m2407	20231204	20231201	21:00:19	348	3368	1008	0	33959810	0	0	0	0	0	3368	3367	0	0	0	0	0	0	0	0	23	15	0	0	0	0	477780	3605	3197
20231201_21:00:20	IMMSG	m2409	20231204	20231201	21:00:19	796	3392	1592	0	53955620	0	0	0	0	0	3394	3392	0	0	0	0	0	0	0	0	84	91	0	0	0	0	242705	3631	3221
20231201_21:00:20	IMMSG	p2401	20231204	20231201	21:00:19	783	7208	7822	25	563775100	1802200	0	0	0	0	7210	7208	0	0	0	0	0	0	0	0	33	86	0	0	0	0	329176	7760	6748
20231201_21:00:20	IMMSG	p2402	20231204	20231201	21:00:19	637	7290	402	0	29349300	0	0	0	0	0	7292	7288	0	0	0	0	0	0	0	0	8	35	0	0	0	0	37141	7832	6808
20231201_21:00:20	IMMSG	p2403	20231204	20231201	21:00:19	637	7358	93	0	6843920	0	0	0	0	0	7362	7358	0	0	0	0	0	0	0	0	7	17	0	0	0	0	26948	7918	6882
20231201_21:00:20	IMMSG	p2404	20231204	20231201	21:00:19	763	7378	57	1	4204660	73780	0	0	0	0	7380	7374	0	0	0	0	0	0	0	0	29	4	0	0	0	0	15298	7936	6900
20231201_21:00:20	IMMSG	p2405	20231204	20231201	21:00:19	764	7372	2157	26	159296240	1916480	0	0	0	0	7372	7370	0	0	0	0	0	0	0	0	34	3	0	0	0	0	208575	7934	6898
20231201_21:00:20	IMMSG	p2406	20231204	20231201	21:00:19	763	7338	23	0	1688920	0	0	0	0	0	7344	7338	0	0	0	0	0	0	0	0	29	6	0	0	0	0	6585	7896	6864
20231201_21:00:20	IMMSG	p2407	20231204	20231201	21:00:19	553	7302	12	0	876380	0	0	0	0	0	7300	7268	0	0	0	0	0	0	0	0	8	1	0	0	0	0	1361	7818	6798
20231201_21:00:20	IMMSG	p2408	20231204	20231201	21:00:19	316	7260	16	0	1161200	0	0	0	0	0	7260	7206	0	0	0	0	0	0	0	0	6	11	0	0	0	0	3700	7848	6824
20231201_21:00:20	IMMSG	p2409	20231204	20231201	21:00:19	683	7200	23	0	1655480	0	0	0	0	0	7198	7192	0	0	0	0	0	0	0	0	8	3	0	0	0	0	10088	7728	6720
20231201_21:00:20	IMMSG	p2411	20231204	20231201	21:00:19	532	7120	0	0	0	0	0	0	0	0	7184	7114	0	0	0	0	0	0	0	0	8	8	0	0	0	0	130	7682	6678
20231201_21:00:20	IMMSG	pg2401	20231204	20231201	21:00:19	811	4726	1403	17	132768620	1606520	0	0	0	0	4726	4724	0	0	0	0	0	0	0	0	23	20	0	0	0	0	90187	5113	4445
20231201_21:00:20	IMMSG	pg2402	20231204	20231201	21:00:19	613	4619	191	1	17649660	92380	0	0	0	0	4620	4617	0	0	0	0	0	0	0	0	3	10	0	0	0	0	33270	4993	4341
20231201_21:00:20	IMMSG	pg2403	20231204	20231201	21:00:19	614	4449	20	0	1782780	0	0	0	0	0	4450	4446	0	0	0	0	0	0	0	0	3	5	0	0	0	0	20491	4796	4170
20231201_21:00:20	IMMSG	pg2404	20231204	20231201	21:00:19	625	4830	20	0	1934320	0	0	0	0	0	4835	4826	0	0	0	0	0	0	0	0	1	9	0	0	0	0	7748	5201	4521
20231201_21:00:20	IMMSG	pg2405	20231204	20231201	21:00:19	625	4696	20	1	1881740	93920	0	0	0	0	4703	4696	0	0	0	0	0	0	0	0	2	3	0	0	0	0	1407	5058	4398
20231201_21:00:20	IMMSG	pg2407	20231204	20231201	21:00:19	621	4582	0	0	0	0	0	0	0	0	4643	4511	0	0	0	0	0	0	0	0	3	4	0	0	0	0	379	4924	4280
20231201_21:00:20	IMMSG	pg2408	20231204	20231201	21:00:19	621	4510	0	0	0	0	0	0	0	0	4583	4457	0	0	0	0	0	0	0	0	1	2	0	0	0	0	1401	4850	4216
20231201_21:00:20	IMMSG	pg2409	20231204	20231201	21:00:19	621	4467	0	0	0	0	0	0	0	0	4479	4397	0	0	0	0	0	0	0	0	1	1	0	0	0	0	216	4791	4165
20231201_21:00:20	IMMSG	pp2401	20231204	20231201	21:00:19	773	7453	6334	25	236020765	931760	0	0	0	0	7455	7453	0	0	0	0	0	0	0	0	56	66	0	0	0	0	320999	7891	6999
20231201_21:00:20	IMMSG	pp2402	20231204	20231201	21:00:19	664	7443	935	0	34763965	0	0	0	0	0	7444	7442	0	0	0	0	0	0	0	0	41	2	0	0	0	0	89337	7872	6982
20231201_21:00:20	IMMSG	pp2403	20231204	20231201	21:00:19	664	7452	163	0	6076430	0	0	0	0	0	7453	7451	0	0	0	0	0	0	0	0	26	2	0	0	0	0	54484	7884	6992
20231201_21:00:20	IMMSG	pp2404	20231204	20231201	21:00:19	763	7469	69	0	2577160	0	0	0	0	0	7469	7466	0	0	0	0	0	0	0	0	17	33	0	0	0	0	34711	7904	7010
20231201_21:00:20	IMMSG	pp2405	20231204	20231201	21:00:19	763	7468	651	4	24314795	149360	0	0	0	0	7468	7466	0	0	0	0	0	0	0	0	7	24	0	0	0	0	142628	7905	7011
20231201_21:00:20	IMMSG	pp2406	20231204	20231201	21:00:19	664	7455	110	0	4101740	0	0	0	0	0	7456	7453	0	0	0	0	0	0	0	0	17	29	0	0	0	0	12267	7893	7001
20231201_21:00:20	IMMSG	pp2409	20231204	20231201	21:00:19	763	7470	1	0	37350	0	0	0	0	0	7485	7453	0	0	0	0	0	0	0	0	2	2	0	0	0	0	4615	7903	7009
20231201_21:00:20	IMMSG	pp2410	20231204	20231201	21:00:19	624	7417	0	0	0	0	0	0	0	0	7626	7418	0	0	0	0	0	0	0	0	1	1	0	0	0	0	145	7862	6972
20231201_21:00:20	IMMSG	rr2407	20231204	20231201	21:00:19	704	3620	0	0	0	0	0	0	0	0	3628	3617	0	0	0	0	0	0	0	0	2	2	0	0	0	0	1988	3801	3439
20231201_21:00:20	IMMSG	rr2408	20231204	20231201	21:00:19	731	3658	0	0	0	0	0	0	0	0	3662	3651	0	0	0	0	0	0	0	0	2	2	0	0	0	0	5139	3840	3476
20231201_21:00:20	IMMSG	v2401	20231204	20231201	21:00:19	789	5853	8534	52	249869255	1521805	0	0	0	0	5853	5852	0	0	0	0	0	0	0	0	1	95	0	0	0	0	735790	6175	5477
20231201_21:00:20	IMMSG	v2402	20231204	20231201	21:00:19	745	5894	467	0	13761405	0	0	0	0	0	5894	5891	0	0	0	0	0	0	0	0	30	52	0	0	0	0	67716	6214	5512
20231201_21:00:20	IMMSG	v2403	20231204	20231201	21:00:19	745	5918	214	0	6334505	0	0	0	0	0	5919	5917	0	0	0	0	0	0	0	0	8	19	0	0	0	0	65014	6246	5540
20231201_21:00:20	IMMSG	v2404	20231204	20231201	21:00:19	681	6006	135	0	4053590	0	0	0	0	0	6006	6003	0	0	0	0	0	0	0	0	18	9	0	0	0	0	28759	6345	5627
20231201_21:00:20	IMMSG	v2405	20231204	20231201	21:00:19	768	6023	1453	2	43762970	60225	0	0	0	0	6023	6022	0	0	0	0	0	0	0	0	11	10	0	0	0	0	275193	6368	5648
20231201_21:00:20	IMMSG	v2406	20231204	20231201	21:00:19	681	6044	120	0	3627920	0	0	0	0	0	6046	6043	0	0	0	0	0	0	0	0	16	6	0	0	0	0	13897	6390	5668
20231201_21:00:20	IMMSG	v2407	20231204	20231201	21:00:19	695	6076	1	0	30380	0	0	0	0	0	6089	6057	0	0	0	0	0	0	0	0	2	1	0	0	0	0	2542	6410	5686
20231201_21:00:20	IMMSG	v2409	20231204	20231201	21:00:19	745	6111	44	0	1344385	0	0	0	0	0	6114	6109	0	0	0	0	0	0	0	0	9	5	0	0	0	0	12123	6458	5728
20231201_21:00:20	IMMSG	v2411	20231204	20231201	21:00:19	663	6143	0	0	0	0	0	0	0	0	6189	6119	0	0	0	0	0	0	0	0	1	1	0	0	0	0	89	6494	5760
20231201_21:00:20	IMMSG	y2401	20231204	20231201	21:00:19	795	8118	7701	42	624991980	3409600	0	0	0	0	8118	8116	0	0	0	0	0	0	0	0	14	114	0	0	0	0	387201	8654	7678
20231201_21:00:20	IMMSG	y2403	20231204	20231201	21:00:19	629	8054	265	0	21337700	0	0	0	0	0	8056	8046	0	0	0	0	0	0	0	0	13	15	0	0	0	0	54369	8580	7612
20231201_21:00:20	IMMSG	y2405	20231204	20231201	21:00:19	795	7836	2167	11	169657600	861960	0	0	0	0	7838	7836	0	0	0	0	0	0	0	0	39	31	0	0	0	0	321384	8354	7410
20231201_21:00:20	IMMSG	y2407	20231204	20231201	21:00:19	625	7738	81	0	6265620	0	0	0	0	0	7740	7736	0	0	0	0	0	0	0	0	4	31	0	0	0	0	135369	8248	7316
20231201_21:00:20	IMMSG	y2408	20231204	20231201	21:00:19	626	7722	9	0	694820	0	0	0	0	0	7726	7714	0	0	0	0	0	0	0	0	23	15	0	0	0	0	32439	8220	7292
20231201_21:00:20	IMMSG	y2409	20231204	20231201	21:00:19	625	7656	90	0	6887260	0	0	0	0	0	7656	7652	0	0	0	0	0	0	0	0	3	7	0	0	0	0	15381	8146	7226
20231201_21:00:20	IMMSG	CF401	20231204	20231201	21:00:20	0	15215	3415	86	51959225	1308490	0	0	0	0	15215	15205	0	0	0	0	0	0	0	0	56	29	0	0	0	0	394401	16760	13710
20231201_21:00:20	IMMSG	CF403	20231204	20231201	21:00:20	0	14955	730	13	10920800	194480	0	0	0	0	14960	14950	0	0	0	0	0	0	0	0	37	66	0	0	0	0	229070	16195	13795
20231201_21:00:20	IMMSG	CF405	20231204	20231201	21:00:20	0	14895	5099	74	75975100	1102600	0	0	0	0	14895	14890	0	0	0	0	0	0	0	0	35	61	0	0	0	0	499367	16125	13735
20231201_21:00:20	IMMSG	CF407	20231204	20231201	21:00:20	0	14895	57	1	849870	14910	0	0	0	0	14900	14890	0	0	0	0	0	0	0	0	18	21	0	0	0	0	23816	15820	14020
20231201_21:00:20	IMMSG	CF409	20231204	20231201	21:00:20	0	15030	235	2	3533225	30070	0	0	0	0	15035	15030	0	0	0	0	0	0	0	0	12	4	0	0	0	0	40137	15975	14165
20231201_21:00:20	IMMSG	CY401	20231204	20231201	21:00:20	0	20785	49	1	1017240	20760	0	0	0	0	20795	20780	0	0	0	0	0	0	0	0	4	2	0	0	0	0	3589	22020	19520
20231201_21:00:20	IMMSG	CY404	20231204	20231201	21:00:20	0	21000	0	0	0	0	0	0	0	0	21810	20000	0	0	0	0	0	0	0	0	1	1	0	0	0	0	1	22260	19740
20231201_21:00:20	IMMSG	CY405	20231204	20231201	21:00:20	0	20865	1	0	20865	0	0	0	0	0	20950	20890	0	0	0	0	0	0	0	0	1	1	0	0	0	0	671	22200	19680
20231201_21:00:20	IMMSG	CY406	20231204	20231201	21:00:20	0	21130	0	0	0	0	0	0	0	0	22010	20180	0	0	0	0	0	0	0	0	1	1	0	0	0	0	0	22400	19860
20231201_21:00:20	IMMSG	CY409	20231204	20231201	21:00:20	0	21425	0	0	0	0	0	0	0	0	22315	21365	0	0	0	0	0	0	0	0	1	1	0	0	0	0	8	22785	20205
20231201_21:00:20	IMMSG	FG312	20231204	20231201	21:00:20	0	1919	0	0	0	0	0	0	0	0	1934	1918	0	0	0	0	0	0	0	0	20	8	0	0	0	0	4505	2015	1647
20231201_21:00:20	IMMSG	FG401	20231204	20231201	21:00:20	0	1923	12588	266	24206724	511518	0	0	0	0	1924	1923	0	0	0	0	0	0	0	0	117	8	0	0	0	0	612084	2034	1664
20231201_21:00:21	IMMSG	FG402	20231204	20231201	21:00:20	0	1916	462	0	882882	0	0	0	0	0	1915	1913	0	0	0	0	0	0	0	0	1	1	0	0	0	0	187002	2039	1667
20231201_21:00:21	IMMSG	FG403	20231204	20231201	21:00:20	0	1914	201	1	382302	1902	0	0	0	0	1914	1910	0	0	0	0	0	0	0	0	1	2	0	0	0	0	17653	2046	1674
20231201_21:00:21	IMMSG	FG404	20231204	20231201	21:00:20	0	1924	8	0	15352	0	0	0	0	0	1924	1921	0	0	0	0	0	0	0	0	1	1	0	0	0	0	20324	2075	1697
20231201_21:00:21	IMMSG	FG405	20231204	20231201	21:00:20	0	1915	3242	38	6198704	72656	0	0	0	0	1916	1915	0	0	0	0	0	0	0	0	48	9	0	0	0	0	533599	2061	1685
20231201_21:00:21	IMMSG	FG406	20231204	20231201	21:00:20	0	1895	0	0	0	0	0	0	0	0	1904	1900	0	0	0	0	0	0	0	0	1	1	0	0	0	0	7694	2052	1678
20231201_21:00:21	IMMSG	FG409	20231204	20231201	21:00:20	0	1859	166	0	308262	0	0	0	0	0	1859	1857	0	0	0	0	0	0	0	0	2	4	0	0	0	0	41376	2005	1639
20231201_21:00:21	IMMSG	MA312	20231204	20231201	21:00:20	0	2505	0	0	0	0	0	0	0	0	2570	2484	0	0	0	0	0	0	0	0	8	36	0	0	0	0	5387	2671	2321
20231201_21:00:21	IMMSG	MA401	20231204	20231201	21:00:20	0	2491	10375	377	25854500	939484	0	0	0	0	2491	2489	0	0	0	0	0	0	0	0	49	41	0	0	0	0	793737	2685	2287
20231201_21:00:21	IMMSG	MA402	20231204	20231201	21:00:20	0	2492	402	21	1002186	52353	0	0	0	0	2493	2491	0	0	0	0	0	0	0	0	22	6	0	0	0	0	340059	2664	2314
20231201_21:00:21	IMMSG	MA403	20231204	20231201	21:00:20	0	2494	48	4	119712	9976	0	0	0	0	2496	2492	0	0	0	0	0	0	0	0	33	1	0	0	0	0	5362	2665	2315
20231201_21:00:21	IMMSG	MA404	20231204	20231201	21:00:20	0	2494	0	0	0	0	0	0	0	0	2492	2488	0	0	0	0	0	0	0	0	1	2	0	0	0	0	4976	2654	2306
20231201_21:00:21	IMMSG	MA405	20231204	20231201	21:00:20	0	2483	2577	22	6401268	54648	0	0	0	0	2483	2481	0	0	0	0	0	0	0	0	27	16	0	0	0	0	608818	2644	2298
20231201_21:00:21	IMMSG	MA406	20231204	20231201	21:00:20	0	2494	0	0	0	0	0	0	0	0	2489	2486	0	0	0	0	0	0	0	0	1	3	0	0	0	0	11859	2654	2306
20231201_21:00:21	IMMSG	MA407	20231204	20231201	21:00:20	0	2478	2	0	4958	0	0	0	0	0	2480	2477	0	0	0	0	0	0	0	0	4	1	0	0	0	0	5927	2643	2297
20231201_21:00:21	IMMSG	MA408	20231204	20231201	21:00:20	0	2486	0	0	0	0	0	0	0	0	2483	2480	0	0	0	0	0	0	0	0	2	1	0	0	0	0	8960	2642	2296
20231201_21:00:21	IMMSG	MA409	20231204	20231201	21:00:20	0	2461	518	0	1277388	0	0	0	0	0	2465	2461	0	0	0	0	0	0	0	0	1	2	0	0	0	0	11148	2623	2279
20231201_21:00:21	IMMSG	OI401	20231204	20231201	21:00:20	0	8455	4495	133	37973760	1123584	0	0	0	0	8456	8455	0	0	0	0	0	0	0	0	8	4	0	0	0	0	206004	9230	7862
20231201_21:00:21	IMMSG	OI403	20231204	20231201	21:00:20	0	8412	826	9	6941704	75636	0	0	0	0	8413	8411	0	0	0	0	0	0	0	0	10	3	0	0	0	0	305090	9197	7833
20231201_21:00:21	IMMSG	OI405	20231204	20231201	21:00:20	0	8420	803	16	6756442	134624	0	0	0	0	8421	8420	0	0	0	0	0	0	0	0	1	5	0	0	0	0	131996	9185	7823
20231201_21:00:21	IMMSG	OI407	20231204	20231201	21:00:20	0	8417	53	0	445995	0	0	0	0	0	8418	8416	0	0	0	0	0	0	0	0	1	1	0	0	0	0	17232	9205	7841
20231201_21:00:21	IMMSG	OI409	20231204	20231201	21:00:20	0	8380	15	0	125730	0	0	0	0	0	8390	8387	0	0	0	0	0	0	0	0	1	1	0	0	0	0	2886	9169	7809
20231201_21:00:21	IMMSG	PF401	20231204	20231201	21:00:20	0	7144	433	0	3090754	0	0	0	0	0	7152	7148	0	0	0	0	0	0	0	0	3	1	0	0	0	0	48095	7670	6666
20231201_21:00:21	IMMSG	PF402	20231204	20231201	21:00:20	0	7184	2549	61	18301820	437980	0	0	0	0	7186	7184	0	0	0	0	0	0	0	0	36	50	0	0	0	0	397271	7708	6696
20231201_21:00:21	IMMSG	PF403	20231204	20231201	21:00:20	0	7198	657	15	4727772	107940	0	0	0	0	7200	7198	0	0	0	0	0	0	0	0	5	8	0	0	0	0	286813	7724	6712
20231201_21:00:21	IMMSG	PF404	20231204	20231201	21:00:20	0	7188	0	0	0	0	0	0	0	0	7208	7204	0	0	0	0	0	0	0	0	5	1	0	0	0	0	2486	7714	6702
20231201_21:00:21	IMMSG	PF405	20231204	20231201	21:00:20	0	7208	29	8	208974	57648	0	0	0	0	7208	7206	0	0	0	0	0	0	0	0	6	2	0	0	0	0	6803	7716	6704
20231201_21:00:21	IMMSG	PF411	20231204	20231201	21:00:20	0	7316	0	0	0	0	0	0	0	0	7338	7154	0	0	0	0	0	0	0	0	1	1	0	0	0	0	7	7852	6824
20231201_21:00:21	IMMSG	PX405	20231204	20231201	21:00:20	0	8326	609	12	5072970	99960	0	0	0	0	8330	8328	0	0	0	0	0	0	0	0	10	7	0	0	0	0	67068	9216	7540
20231201_21:00:21	IMMSG	PX406	20231204	20231201	21:00:20	0	8324	0	0	0	0	0	0	0	0	8330	8312	0	0	0	0	0	0	0	0	2	3	0	0	0	0	2138	9248	7564
20231201_21:00:21	IMMSG	PX407	20231204	20231201	21:00:20	0	8246	0	0	0	0	0	0	0	0	8300	8264	0	0	0	0	0	0	0	0	2	1	0	0	0	0	92	9130	7470
20231201_21:00:21	IMMSG	PX408	20231204	20231201	21:00:20	0	8388	0	0	0	0	0	0	0	0	8294	8214	0	0	0	0	0	0	0	0	1	2	0	0	0	0	59	9228	7548
20231201_21:00:21	IMMSG	PX409	20231204	20231201	21:00:20	0	8240	0	0	0	0	0	0	0	0	8246	8236	0	0	0	0	0	0	0	0	1	7	0	0	0	0	6040	9054	7406
20231201_21:00:21	IMMSG	PX410	20231204	20231201	21:00:20	0	8312	0	0	0	0	0	0	0	0	8498	8082	0	0	0	0	0	0	0	0	1	1	0	0	0	0	2	9144	7480
20231201_21:00:21	IMMSG	PX411	20231204	20231201	21:00:20	0	8302	0	0	0	0	0	0	0	0	8546	7930	0	0	0	0	0	0	0	0	1	2	0	0	0	0	4	9226	7546
20231201_21:00:21	IMMSG	RM401	20231204	20231201	21:00:20	0	2756	3761	9	10361555	24795	0	0	0	0	2756	2755	0	0	0	0	0	0	0	0	53	66	0	0	0	0	396729	3014	2566
20231201_21:00:21	IMMSG	RM403	20231204	20231201	21:00:20	0	2762	2560	43	7063040	118637	0	0	0	0	2762	2761	0	0	0	0	0	0	0	0	63	6	0	0	0	0	685230	3020	2572
20231201_21:00:21	IMMSG	RM405	20231204	20231201	21:00:20	0	2757	1160	9	3196960	24804	0	0	0	0	2758	2757	0	0	0	0	0	0	0	0	22	5	0	0	0	0	319957	3007	2561
20231201_21:00:21	IMMSG	RM408	20231204	20231201	21:00:20	0	2813	26	0	73164	0	0	0	0	0	2815	2813	0	0	0	0	0	0	0	0	5	1	0	0	0	0	4888	3066	2610
20231201_21:00:21	IMMSG	RM409	20231204	20231201	21:00:20	0	2776	431	0	1196025	0	0	0	0	0	2777	2776	0	0	0	0	0	0	0	0	4	8	0	0	0	0	46204	3027	2577
20231201_21:00:21	IMMSG	RM411	20231204	20231201	21:00:20	0	2702	3	0	8106	0	0	0	0	0	2703	2701	0	0	0	0	0	0	0	0	1	13	0	0	0	0	4455	2940	2504
20231201_21:00:21	IMMSG	SA312	20231204	20231201	21:00:20	0	2836	0	0	0	0	0	0	0	0	2998	2800	0	0	0	0	0	0	0	0	5	50	0	0	0	0	1440	3113	2547
20231201_21:00:21	IMMSG	SA401	20231204	20231201	21:00:20	0	2544	9345	144	23783025	366480	0	0	0	0	2545	2544	0	0	0	0	0	0	0	0	111	48	0	0	0	0	576863	2706	2214
20231201_21:00:21	IMMSG	SA402	20231204	20231201	21:00:20	0	2344	396	0	926244	0	0	0	0	0	2346	2344	0	0	0	0	0	0	0	0	1	13	0	0	0	0	27987	2519	2061
20231201_21:00:21	IMMSG	SA403	20231204	20231201	21:00:20	0	2213	267	1	587934	2202	0	0	0	0	2215	2212	0	0	0	0	0	0	0	0	2	1	0	0	0	0	28743	2386	1952
20231201_21:00:21	IMMSG	SA404	20231204	20231201	21:00:20	0	2131	42	0	89166	0	0	0	0	0	2133	2130	0	0	0	0	0	0	0	0	1	3	0	0	0	0	7877	2294	1876
20231201_21:00:21	IMMSG	SA405	20231204	20231201	21:00:20	0	2066	6973	140	14385299	288820	0	0	0	0	2067	2066	0	0	0	0	0	0	0	0	23	18	0	0	0	0	348454	2215	1811
20231201_21:00:21	IMMSG	SA406	20231204	20231201	21:00:20	0	2007	20	0	40080	0	0	0	0	0	2007	2003	0	0	0	0	0	0	0	0	8	6	0	0	0	0	9088	2162	1768
20231201_21:00:21	IMMSG	SA408	20231204	20231201	21:00:20	0	1937	23	0	44436	0	0	0	0	0	1939	1934	0	0	0	0	0	0	0	0	1	1	0	0	0	0	11689	2094	1712
20231201_21:00:21	IMMSG	SA409	20231204	20231201	21:00:20	0	1917	389	12	743768	22944	0	0	0	0	1917	1914	0	0	0	0	0	0	0	0	5	21	0	0	0	0	55144	2068	1692
20231201_21:00:21	IMMSG	SH405	20231204	20231201	21:00:20	0	2654	2191	8	5814914	21232	0	0	0	0	2654	2653	0	0	0	0	0	0	0	0	14	3	0	0	0	0	47719	2931	2397
20231201_21:00:21	IMMSG	SH406	20231204	20231201	21:00:20	0	2656	1	0	2656	0	0	0	0	0	2658	2655	0	0	0	0	0	0	0	0	1	1	0	0	0	0	311	2931	2397
20231201_21:00:21	IMMSG	SH407	20231204	20231201	21:00:20	0	2678	0	0	0	0	0	0	0	0	2659	2656	0	0	0	0	0	0	0	0	1	2	0	0	0	0	184	2933	2399
20231201_21:00:21	IMMSG	SH408	20231204	20231201	21:00:20	0	2691	0	0	0	0	0	0	0	0	2682	2672	0	0	0	0	0	0	0	0	1	1	0	0	0	0	173	2957	2419
20231201_21:00:21	IMMSG	SH409	20231204	20231201	21:00:20	0	2681	7	0	18711	0	0	0	0	0	2675	2672	0	0	0	0	0	0	0	0	1	1	0	0	0	0	2213	2955	2417
20231201_21:00:21	IMMSG	SH410	20231204	20231201	21:00:20	0	2687	0	0	0	0	0	0	0	0	2694	2676	0	0	0	0	0	0	0	0	1	1	0	0	0	0	4	2956	2418
20231201_21:00:21	IMMSG	SR401	20231204	20231201	21:00:20	0	6602	6850	106	45285350	700766	0	0	0	0	6602	6601	0	0	0	0	0	0	0	0	41	23	0	0	0	0	342393	7061	6261
20231201_21:00:21	IMMSG	SR403	20231204	20231201	21:00:20	0	6525	1863	15	12165390	97950	0	0	0	0	6526	6524	0	0	0	0	0	0	0	0	64	12	0	0	0	0	360023	6967	6177
20231201_21:00:21	IMMSG	SR405	20231204	20231201	21:00:20	0	6486	3247	72	21066536	467136	0	0	0	0	6486	6485	0	0	0	0	0	0	0	0	71	4	0	0	0	0	353275	6941	6155
20231201_21:00:21	IMMSG	SR407	20231204	20231201	21:00:20	0	6466	43	1	278210	6470	0	0	0	0	6467	6465	0	0	0	0	0	0	0	0	1	2	0	0	0	0	6031	6922	6138
20231201_21:00:21	IMMSG	SR409	20231204	20231201	21:00:20	0	6446	94	2	606300	12900	0	0	0	0	6447	6445	0	0	0	0	0	0	0	0	3	1	0	0	0	0	18180	6895	6113
20231201_21:00:21	IMMSG	SR411	20231204	20231201	21:00:20	0	6397	6	0	38604	0	0	0	0	0	6394	6376	0	0	0	0	0	0	0	0	1	1	0	0	0	0	245	6837	6063
20231201_21:00:21	IMMSG	TA312	20231204	20231201	21:00:20	0	5648	0	0	0	0	0	0	0	0	5672	5652	0	0	0	0	0	0	0	0	143	115	0	0	0	0	47321	6068	5380
20231201_21:00:21	IMMSG	TA401	20231204	20231201	21:00:20	0	5674	10200	155	57813600	878540	0	0	0	0	5674	5672	0	0	0	0	0	0	0	0	164	115	0	0	0	0	894018	6052	5364
20231201_21:00:21	IMMSG	TA402	20231204	20231201	21:00:20	0	5692	2310	40	13134660	227440	0	0	0	0	5692	5690	0	0	0	0	0	0	0	0	2	158	0	0	0	0	665844	6062	5374
20231201_21:00:21	IMMSG	TA403	20231204	20231201	21:00:20	0	5698	457	0	2603986	0	0	0	0	0	5700	5698	0	0	0	0	0	0	0	0	1	18	0	0	0	0	43743	6080	5388
20231201_21:00:21	IMMSG	TA405	20231204	20231201	21:00:20	0	5704	2782	116	15857400	661200	0	0	0	0	5704	5702	0	0	0	0	0	0	0	0	125	91	0	0	0	0	824067	6084	5392
20231201_21:00:21	IMMSG	TA407	20231204	20231201	21:00:20	0	5706	0	0	0	0	0	0	0	0	5710	5702	0	0	0	0	0	0	0	0	101	1	0	0	0	0	8805	6102	5410
20231201_21:00:21	IMMSG	TA408	20231204	20231201	21:00:20	0	5744	300	0	1723200	0	0	0	0	0	5700	5690	0	0	0	0	0	0	0	0	1	1	0	0	0	0	8532	6090	5398
20231201_21:00:21	IMMSG	TA409	20231204	20231201	21:00:20	0	5676	330	7	1873740	39746	0	0	0	0	5678	5676	0	0	0	0	0	0	0	0	9	1	0	0	0	0	64287	6056	5368
20231201_21:00:21	IMMSG	TA410	20231204	20231201	21:00:20	0	5690	0	0	0	0	0	0	0	0	5696	5678	0	0	0	0	0	0	0	0	2	4	0	0	0	0	1232	6082	5390
20231201_21:00:21	IMMSG	TA411	20231204	20231201	21:00:20	0	5686	0	0	0	0	0	0	0	0	5696	5680	0	0	0	0	0	0	0	0	1	1	0	0	0	0	42	6048	5360
20231201_21:00:21	IMMSG	a2401	20231204	20231201	21:00:20	273	4999	2772	11	138641860	549910	0	0	0	0	5000	4999	0	0	0	0	0	0	0	0	29	10	0	0	0	0	123317	5311	4711
20231201_21:00:21	IMMSG	a2403	20231204	20231201	21:00:20	273	5006	357	0	17868810	0	0	0	0	0	5008	5005	0	0	0	0	0	0	0	0	28	10	0	0	0	0	39615	5312	4712
20231201_21:00:21	IMMSG	a2405	20231204	20231201	21:00:20	65	5004	42	0	2101500	0	0	0	0	0	5007	5002	0	0	0	0	0	0	0	0	4	1	0	0	0	0	16684	5315	4715
20231201_21:00:21	IMMSG	a2407	20231204	20231201	21:00:20	141	4980	0	0	0	0	0	0	0	0	4993	4981	0	0	0	0	0	0	0	0	1	8	0	0	0	0	4548	5305	4705
20231201_21:00:21	IMMSG	a2409	20231204	20231201	21:00:20	65	4958	0	0	0	0	0	0	0	0	4962	4951	0	0	0	0	0	0	0	0	5	2	0	0	0	0	2137	5267	4671
20231201_21:00:21	IMMSG	b2401	20231204	20231201	21:00:20	282	4301	1048	1	45104450	43010	0	0	0	0	4301	4300	0	0	0	0	0	0	0	0	9	15	0	0	0	0	43032	4587	4069
20231201_21:00:21	IMMSG	CY_Index	20231204	20231201	21:00:20	0	20799.725	50	1	1038105	20760	0	0	0	0	0	0	0	0	0	0	0	0	0	0	0	0	0	0	0	0	4273	0	0
20231201_21:00:21	IMMSG	SA_Index	20231204	20231201	21:00:20	0	2322.758	17537	297	40757083	680446	0	0	0	0	0	0	0	0	0	0	0	0	0	0	0	0	0	0	0	0	1080206	0	0
20231201_21:00:21	IMMSG	rb_Index	20231204	20231201	21:00:20	0	3943.298	35750	124	1409270850	4894770	0	0	0	0	0	0	0	0	0	0	0	0	0	0	0	0	0	0	0	0	3276849	0	0
20231201_21:00:21	IMMSG	OI_Index	20231204	20231201	21:00:20	0	8426.929	6192	158	52243631	1333844	0	0	0	0	0	0	0	0	0	0	0	0	0	0	0	0	0	0	0	0	663331	0	0
20231201_21:00:21	IMMSG	eg_Index	20231204	20231201	21:00:19	0	4148.945	7206	49	296827720	2019990	0	0	0	0	0	0	0	0	0	0	0	0	0	0	0	0	0	0	0	0	572878	0	0
20231201_21:00:21	IMMSG	SR_Index	20231204	20231201	21:00:20	0	6534.965	12103	196	79440390	1285222	0	0	0	0	0	0	0	0	0	0	0	0	0	0	0	0	0	0	0	0	1080147	0	0
